성적 일람표
========================================================
학번	|국어	|영어	|수학	|음악	|총점	|평균	|
--------------------------------------------------------
00001		|77		|57		|62		|65		|261		|65.25		|
00002		|94		|71		|52		|66		|283		|70.75		|
00003		|92		|67		|60		|71		|290		|72.50		|
00004		|66		|91		|87		|55		|299		|74.75		|
00005		|97		|76		|92		|55		|320		|80.00		|
00006		|70		|86		|78		|97		|331		|82.75		|
00007		|71		|62		|54		|75		|262		|65.50		|
00008		|94		|71		|99		|68		|332		|83.00		|
00009		|55		|97		|82		|51		|285		|71.25		|
00010		|50		|100		|97		|67		|314		|78.50		|
00011		|70		|95		|69		|87		|321		|80.25		|
00012		|68		|86		|53		|91		|298		|74.50		|
00013		|70		|70		|54		|55		|249		|62.25		|
00014		|51		|55		|92		|56		|254		|63.50		|
00015		|53		|86		|54		|58		|251		|62.75		|
00016		|51		|84		|86		|79		|300		|75.00		|
00017		|79		|84		|100		|92		|355		|88.75		|
00018		|97		|77		|95		|66		|335		|83.75		|
00019		|65		|86		|86		|81		|318		|79.50		|
00020		|90		|84		|68		|55		|297		|74.25		|
--------------------------------------------------------
과목총점|1460	|1585	|1520	|1390	|5955	|
과목평균|365.00	|396.25	|380.00	|347.50	|	|74.44		|
========================================================
